72.000000
72.000000
72.000000
72.000000
72.000000
72.000000
72.000000
71.000000
71.000000
71.000000
71.000000
71.000000
71.000000
71.000000
71.000000
71.000000
71.000000
71.000000
71.000000
71.000000
71.000000
71.000000
71.000000
71.000000
71.000000
71.000000
71.000000
71.000000
71.000000
71.000000
71.000000
71.000000
71.000000
71.000000
71.000000
71.000000
71.000000
71.000000
71.000000
71.000000
70.000000
71.000000
71.000000
71.000000
71.000000
71.000000
71.000000
70.000000
71.000000
71.000000
